xof 0303txt 0032
template ColorRGBA {
 <35ff44e0-6c7c-11cf-8f52-0040333594a3>
 FLOAT red;
 FLOAT green;
 FLOAT blue;
 FLOAT alpha;
}

template ColorRGB {
 <d3e16e81-7835-11cf-8f52-0040333594a3>
 FLOAT red;
 FLOAT green;
 FLOAT blue;
}

template Material {
 <3d82ab4d-62da-11cf-ab39-0020af71e433>
 ColorRGBA faceColor;
 FLOAT power;
 ColorRGB specularColor;
 ColorRGB emissiveColor;
 [...]
}

template TextureFilename {
 <a42790e1-7810-11cf-8f52-0040333594a3>
 STRING filename;
}

template Frame {
 <3d82ab46-62da-11cf-ab39-0020af71e433>
 [...]
}

template Matrix4x4 {
 <f6f23f45-7686-11cf-8f52-0040333594a3>
 array FLOAT matrix[16];
}

template FrameTransformMatrix {
 <f6f23f41-7686-11cf-8f52-0040333594a3>
 Matrix4x4 frameMatrix;
}

template Vector {
 <3d82ab5e-62da-11cf-ab39-0020af71e433>
 FLOAT x;
 FLOAT y;
 FLOAT z;
}

template MeshFace {
 <3d82ab5f-62da-11cf-ab39-0020af71e433>
 DWORD nFaceVertexIndices;
 array DWORD faceVertexIndices[nFaceVertexIndices];
}

template Mesh {
 <3d82ab44-62da-11cf-ab39-0020af71e433>
 DWORD nVertices;
 array Vector vertices[nVertices];
 DWORD nFaces;
 array MeshFace faces[nFaces];
 [...]
}

template MeshNormals {
 <f6f23f43-7686-11cf-8f52-0040333594a3>
 DWORD nNormals;
 array Vector normals[nNormals];
 DWORD nFaceNormals;
 array MeshFace faceNormals[nFaceNormals];
}

template MeshMaterialList {
 <f6f23f42-7686-11cf-8f52-0040333594a3>
 DWORD nMaterials;
 DWORD nFaceIndexes;
 array DWORD faceIndexes[nFaceIndexes];
 [Material <3d82ab4d-62da-11cf-ab39-0020af71e433>]
}

template Coords2d {
 <f6f23f44-7686-11cf-8f52-0040333594a3>
 FLOAT u;
 FLOAT v;
}

template MeshTextureCoords {
 <f6f23f40-7686-11cf-8f52-0040333594a3>
 DWORD nTextureCoords;
 array Coords2d textureCoords[nTextureCoords];
}

template XSkinMeshHeader {
 <3cf169ce-ff7c-44ab-93c0-f78f62d172e2>
 WORD nMaxSkinWeightsPerVertex;
 WORD nMaxSkinWeightsPerFace;
 WORD nBones;
}

template SkinWeights {
 <6f0d123b-bad2-4167-a0d0-80224f25fabb>
 STRING transformNodeName;
 DWORD nWeights;
 array DWORD vertexIndices[nWeights];
 array FLOAT weights[nWeights];
 Matrix4x4 matrixOffset;
}

template AnimTicksPerSecond {
 <9e415a43-7ba6-4a73-8743-b73d47e88476>
 DWORD AnimTicksPerSecond;
}

template Animation {
 <3d82ab4f-62da-11cf-ab39-0020af71e433>
 [...]
}

template AnimationSet {
 <3d82ab50-62da-11cf-ab39-0020af71e433>
 [Animation <3d82ab4f-62da-11cf-ab39-0020af71e433>]
}

template FloatKeys {
 <10dd46a9-775b-11cf-8f52-0040333594a3>
 DWORD nValues;
 array FLOAT values[nValues];
}

template TimedFloatKeys {
 <f406b180-7b3b-11cf-8f52-0040333594a3>
 DWORD time;
 FloatKeys tfkeys;
}

template AnimationKey {
 <10dd46a8-775b-11cf-8f52-0040333594a3>
 DWORD keyType;
 DWORD nKeys;
 array TimedFloatKeys keys[nKeys];
}


Material _15_-_ff {
 1.000000;1.000000;1.000000;1.000000;;
 100.000000;
 0.200000;0.200000;0.200000;;
 0.000000;0.000000;0.000000;;

 TextureFilename {
  "SCBA.png";
 }
}

Frame Dummy01 {
 

 FrameTransformMatrix {
  1.000000,0.000000,0.000000,0.000000,0.000000,-0.000000,-1.000000,0.000000,0.000000,1.000000,-0.000000,0.000000,0.000000,0.000000,0.000000,1.000000;;
 }

 Frame Bip01 {
  

  FrameTransformMatrix {
   -0.087155,0.982405,-0.165183,0.000000,-0.000001,0.165814,0.986157,0.000000,0.996195,0.085949,-0.014450,0.000000,-0.010000,-0.012284,0.490453,1.000000;;
  }

  Frame Bip01_Pelvis {
   

   FrameTransformMatrix {
    0.000000,1.000000,-0.000001,0.000000,-0.000001,0.000001,1.000000,0.000000,1.000000,0.000000,0.000001,0.000000,0.000000,0.000000,0.000000,1.000000;;
   }

   Frame Bip01_Spine {
    

    FrameTransformMatrix {
     0.984686,0.000002,-0.174337,0.000000,-0.000001,1.000000,0.000004,0.000000,0.174337,-0.000004,0.984686,0.000000,0.051619,0.000000,-0.000083,1.000000;;
    }

    Frame Bip01_Spine1 {
     

     FrameTransformMatrix {
      0.997819,0.052687,0.039774,0.000000,-0.044862,0.983198,-0.176942,0.000000,-0.048428,0.174771,0.983417,0.000000,0.106484,-0.000015,-0.000083,1.000000;;
     }

     Frame Bip01_Neck {
      

      FrameTransformMatrix {
       0.966067,-0.020835,0.257451,0.000000,0.025191,0.999590,-0.013632,0.000000,-0.257061,0.019655,0.966195,0.000000,0.130511,-0.000001,0.004626,1.000000;;
      }

      Frame Bip01_Head {
       

       FrameTransformMatrix {
        0.989321,-0.051753,-0.136255,0.000000,0.064251,0.993958,0.088989,0.000000,0.130826,-0.096793,0.986669,0.000000,0.033674,-0.000000,-0.000000,1.000000;;
       }
      }

      Frame Bip01_L_Clavicle {
       

       FrameTransformMatrix {
        -0.205975,0.976135,0.068811,0.000000,0.943873,0.216738,-0.249254,0.000000,-0.258220,0.013609,-0.965990,0.000000,-0.024734,0.015166,0.002017,1.000000;;
       }

       Frame Bip01_L_UpperArm {
        

        FrameTransformMatrix {
         0.385871,-0.777669,0.496320,0.000000,0.922466,0.332598,-0.196046,0.000000,-0.012616,0.533487,0.845714,0.000000,0.087086,-0.000000,0.000000,1.000000;;
        }

        Frame Bip01_L_Forearm {
         

         FrameTransformMatrix {
          0.943939,0.000000,-0.330119,0.000000,0.000000,1.000000,-0.000000,0.000000,0.330119,-0.000000,0.943939,0.000000,0.137062,-0.000000,0.000000,1.000000;;
         }

         Frame Bip01_L_Hand {
          

          FrameTransformMatrix {
           1.000000,-0.000000,0.000000,0.000000,0.000000,0.000796,1.000000,0.000000,0.000000,-1.000000,0.000796,0.000000,0.137062,0.000000,0.000000,1.000000;;
          }

          Frame Bip01_L_Finger0 {
           

           FrameTransformMatrix {
            0.690342,-0.181727,0.700288,0.000000,0.558537,0.749101,-0.356210,0.000000,-0.459853,0.637043,0.618637,0.000000,0.057681,-0.023605,-0.000272,1.000000;;
           }
          }

          Frame Bip01_L_Finger1 {
           

           FrameTransformMatrix {
            0.728079,-0.000546,0.685493,0.000000,0.000000,1.000000,0.000796,0.000000,-0.685493,-0.000580,0.728079,0.000000,0.084102,0.000000,0.000000,1.000000;;
           }
          }
         }
        }
       }
      }

      Frame Bip01_R_Clavicle {
       

       FrameTransformMatrix {
        -0.028509,-0.999573,-0.006461,0.000000,-0.965665,0.025871,0.258498,0.000000,-0.258220,0.013609,-0.965990,0.000000,-0.024080,-0.016250,0.001399,1.000000;;
       }

       Frame Bip01_R_UpperArm {
        

        FrameTransformMatrix {
         0.221390,0.975047,0.016433,0.000000,-0.974986,0.221654,-0.016512,0.000000,-0.019742,-0.012366,0.999729,0.000000,0.087086,0.000000,0.000000,1.000000;;
        }

        Frame Bip01_R_Forearm {
         

         FrameTransformMatrix {
          0.915660,-0.000000,-0.401954,0.000000,-0.000000,1.000000,-0.000000,0.000000,0.401954,-0.000000,0.915660,0.000000,0.137062,0.000000,-0.000000,1.000000;;
         }

         Frame Bip01_R_Hand {
          

          FrameTransformMatrix {
           0.975195,-0.000000,-0.221346,0.000000,-0.221346,0.000796,-0.975195,0.000000,0.000176,1.000000,0.000777,0.000000,0.137062,0.000000,0.000000,1.000000;;
          }

          Frame Bip01_R_Finger0 {
           

           FrameTransformMatrix {
            0.417774,-0.116941,0.900994,0.000000,-0.558537,0.749101,0.356210,0.000000,-0.716591,-0.652054,0.247639,0.000000,0.057681,0.023605,-0.000272,1.000000;;
           }
          }

          Frame Bip01_R_Finger1 {
           

           FrameTransformMatrix {
            0.352436,0.000745,0.935835,0.000000,-0.000000,1.000000,-0.000796,0.000000,-0.935836,0.000281,0.352436,0.000000,0.084102,0.000000,0.000000,1.000000;;
           }
          }
         }
        }
       }
      }
     }

     Frame Bip01_BackPack {
      

      FrameTransformMatrix {
       0.180560,0.080500,-0.980264,0.000000,0.047560,0.994764,0.090451,0.000000,0.982413,-0.062954,0.175786,0.000000,0.063697,0.000003,-0.088856,1.000000;;
      }
     }
    }

    Frame Bip01_L_Thigh {
     

     FrameTransformMatrix {
      -0.888504,0.030427,0.457858,0.000000,-0.032107,-0.999476,0.004114,0.000000,0.457744,-0.011045,0.889016,0.000000,-0.050843,0.055225,-0.008917,1.000000;;
     }

     Frame Bip01_L_Calf {
      

      FrameTransformMatrix {
       0.942235,-0.000000,-0.334952,0.000000,-0.000000,1.000000,-0.000000,0.000000,0.334952,0.000000,0.942235,0.000000,0.237500,0.000000,-0.000000,1.000000;;
      }

      Frame Bip01_L_Foot {
       

       FrameTransformMatrix {
        0.924325,-0.026487,0.380687,0.000000,-0.068962,0.969570,0.234901,0.000000,-0.375325,-0.243378,0.894371,0.000000,0.206841,-0.000000,0.000000,1.000000;;
       }

       Frame Bip01_L_Toe0 {
        

        FrameTransformMatrix {
         0.000000,0.000000,1.000000,0.000000,0.000000,1.000000,-0.000000,0.000000,-1.000000,0.000000,0.000000,0.000000,0.065373,0.000000,0.066450,1.000000;;
        }
       }
      }
     }
    }

    Frame Bip01_R_Thigh {
     

     FrameTransformMatrix {
      -0.996965,0.030321,-0.071704,0.000000,-0.029454,-0.999480,-0.013113,0.000000,-0.072065,-0.010961,0.997340,0.000000,-0.050843,-0.055225,-0.008917,1.000000;;
     }

     Frame Bip01_R_Calf {
      

      FrameTransformMatrix {
       0.730239,0.000000,-0.683192,0.000000,0.000000,1.000000,0.000000,0.000000,0.683192,-0.000000,0.730239,0.000000,0.237500,0.000000,0.000000,1.000000;;
      }

      Frame Bip01_R_Foot {
       

       FrameTransformMatrix {
        0.991957,0.087165,-0.091782,0.000000,-0.093276,0.993546,-0.064539,0.000000,0.085565,0.072581,0.993685,0.000000,0.206841,-0.000000,0.000000,1.000000;;
       }

       Frame Bip01_R_Toe0 {
        

        FrameTransformMatrix {
         0.000000,0.000000,1.000000,0.000000,0.000000,1.000000,-0.000000,0.000000,-1.000000,0.000000,0.000000,0.000000,0.065373,0.000000,0.066450,1.000000;;
        }
       }
      }
     }
    }
   }

   Frame Bip01_DressFront {
    

    FrameTransformMatrix {
     -0.880185,-0.088339,0.466338,0.000000,0.121847,0.907542,0.401896,0.000000,-0.458725,0.410564,-0.788041,0.000000,-0.043935,0.001339,0.061057,1.000000;;
    }

    Frame Bip01_DressFront02 {
     

     FrameTransformMatrix {
      0.912593,0.000001,0.408870,0.000000,-0.000001,1.000000,-0.000000,0.000000,-0.408870,-0.000000,0.912593,0.000000,0.183378,-0.000000,-0.000120,1.000000;;
     }
    }
   }

   Frame Bip01_DressBack {
    

    FrameTransformMatrix {
     -0.886023,0.038029,0.462080,0.000000,0.191625,0.937561,0.290274,0.000000,-0.422190,0.345735,-0.837988,0.000000,-0.047673,-0.000048,-0.078302,1.000000;;
    }

    Frame Bip01_DressBack02 {
     

     FrameTransformMatrix {
      0.936852,0.174932,-0.302833,0.000000,-0.166408,0.984581,0.053939,0.000000,0.307600,-0.000139,0.951516,0.000000,0.176125,0.000000,-0.000103,1.000000;;
     }
    }
   }
  }

  Frame Bip01_Prop1 {
   

   FrameTransformMatrix {
    -0.233929,-0.108090,0.966226,0.000000,0.687222,0.684611,0.242967,0.000000,-0.687752,0.720850,-0.085868,0.000000,0.108125,-0.048422,-0.137969,1.000000;;
   }
  }

  Frame Bip01_Prop2 {
   

   FrameTransformMatrix {
    -0.163643,-0.967062,0.194966,0.000000,0.985576,-0.168906,-0.010564,0.000000,0.043147,0.190425,0.980753,0.000000,-0.138405,-0.102098,0.114818,1.000000;;
   }
  }
 }
}

Frame Translation_Data {
 

 FrameTransformMatrix {
  0.000000,0.000000,-1.000000,0.000000,-1.000000,-0.000000,-0.000000,0.000000,-0.000000,1.000000,-0.000000,0.000000,0.000000,-0.000000,0.000000,1.000000;;
 }
}

Frame Bob_SCBA {
 

 FrameTransformMatrix {
  1.000000,0.000000,0.000000,0.000000,0.000000,1.000000,0.000000,0.000000,0.000000,0.000000,1.000000,0.000000,0.000000,-0.001215,0.003680,1.000000;;
 }

 Mesh Bob_SCBA {
  1133;
  0.084445;0.794964;-0.001307;,
  0.052775;0.784192;-0.014884;,
  0.045903;0.810966;0.019247;,
  0.085678;0.774849;-0.013343;,
  0.087938;0.753262;-0.024229;,
  0.060633;0.719183;-0.052342;,
  0.055923;0.755353;-0.037529;,
  0.083251;0.713993;-0.039161;,
  0.046517;0.823089;0.079923;,
  0.073237;0.792003;0.104986;,
  0.077555;0.809375;0.068632;,
  0.044527;0.791711;0.114202;,
  0.057571;0.587545;0.089993;,
  0.049733;0.552699;0.092581;,
  0.096812;0.555078;0.066274;,
  0.088546;0.589070;-0.022359;,
  0.095838;0.554452;0.002955;,
  0.094676;0.589248;0.061379;,
  0.084955;0.553218;-0.037414;,
  0.063003;0.585862;-0.054240;,
  0.049804;0.550069;-0.058872;,
  0.000007;0.588120;0.094403;,
  0.041138;0.587467;0.090207;,
  0.000007;0.553153;0.096264;,
  0.023597;0.682780;0.121542;,
  0.000020;0.650217;0.112816;,
  0.023066;0.650164;0.111716;,
  0.000056;0.682199;0.122461;,
  0.065664;0.620729;-0.051676;,
  0.061597;0.680955;-0.060250;,
  0.074866;0.675675;-0.044574;,
  0.057343;0.620644;-0.057758;,
  0.046726;0.823215;0.042863;,
  0.039846;0.722791;0.122118;,
  -0.000174;0.753660;0.121173;,
  -0.000024;0.723247;0.124814;,
  0.015528;0.755519;0.120884;,
  0.080014;0.814028;0.034801;,
  0.000005;0.586291;-0.068249;,
  0.050256;0.585818;-0.063080;,
  0.000247;0.551070;-0.068134;,
  0.036444;0.806432;0.102291;,
  -0.084432;0.794964;-0.001307;,
  -0.052761;0.784192;-0.014884;,
  -0.085664;0.774849;-0.013343;,
  -0.045890;0.810966;0.019247;,
  -0.087925;0.753262;-0.024229;,
  -0.060619;0.719183;-0.052342;,
  -0.083237;0.713993;-0.039161;,
  -0.055909;0.755353;-0.037529;,
  -0.046488;0.823088;0.079943;,
  -0.073223;0.792003;0.104986;,
  -0.044537;0.791702;0.114206;,
  -0.077541;0.809375;0.068632;,
  -0.096793;0.555085;0.066279;,
  -0.057324;0.587555;0.089995;,
  -0.094657;0.589248;0.061392;,
  -0.088535;0.589069;-0.022355;,
  -0.096793;0.555085;0.066279;,
  -0.094657;0.589248;0.061392;,
  -0.095824;0.554452;0.002955;,
  -0.049738;0.550770;-0.061924;,
  -0.063617;0.586208;-0.053638;,
  -0.050094;0.586353;-0.063106;,
  -0.049728;0.552709;0.092577;,
  -0.041275;0.587457;0.090209;,
  -0.057324;0.587555;0.089995;,
  -0.065832;0.620733;-0.051750;,
  -0.061583;0.680955;-0.060250;,
  -0.057230;0.620645;-0.057832;,
  -0.074855;0.675688;-0.044572;,
  -0.046712;0.823215;0.042863;,
  -0.039849;0.722790;0.122116;,
  -0.013484;0.755709;0.120397;,
  -0.085163;0.553126;-0.037230;,
  -0.080000;0.814028;0.034801;,
  0.000005;0.586291;-0.068249;,
  0.000247;0.551070;-0.068134;,
  -0.063617;0.586208;-0.053638;,
  -0.050094;0.586353;-0.063106;,
  -0.041275;0.587457;0.090209;,
  -0.033245;0.615535;0.095564;,
  -0.057324;0.587555;0.089995;,
  -0.019383;0.614165;0.097084;,
  -0.035962;0.806623;0.102142;,
  0.063003;0.585862;-0.054240;,
  0.050256;0.585818;-0.063080;,
  -0.023485;0.682693;0.121676;,
  -0.022966;0.650144;0.111831;,
  0.032773;0.615562;0.095561;,
  0.019706;0.614210;0.097041;,
  0.041138;0.587467;0.090207;,
  0.057571;0.587545;0.089993;,
  0.074893;0.765605;-0.004925;,
  0.084445;0.794964;-0.001307;,
  0.073816;0.784616;0.007701;,
  0.085678;0.774849;-0.013343;,
  0.080014;0.814028;0.034801;,
  0.069942;0.802635;0.032833;,
  0.077555;0.809375;0.068632;,
  0.067792;0.798237;0.061262;,
  0.073237;0.792003;0.104986;,
  0.064017;0.781818;0.091812;,
  0.039846;0.722791;0.122118;,
  0.034827;0.716404;0.106499;,
  0.023597;0.682780;0.121542;,
  0.020604;0.682681;0.108755;,
  0.023066;0.650164;0.111716;,
  0.020149;0.651449;0.100170;,
  0.032773;0.615562;0.095561;,
  0.028867;0.616275;0.087814;,
  0.057571;0.587545;0.089993;,
  0.050323;0.589535;0.077721;,
  0.050323;0.589535;0.077721;,
  0.094676;0.589248;0.061379;,
  0.077930;0.591145;0.056848;,
  0.057571;0.587545;0.089993;,
  0.088546;0.589070;-0.022359;,
  0.072449;0.590977;-0.015200;,
  0.063003;0.585862;-0.054240;,
  0.055071;0.587944;-0.041991;,
  0.055071;0.587944;-0.041991;,
  0.065664;0.620729;-0.051676;,
  0.057397;0.619941;-0.039835;,
  0.063003;0.585862;-0.054240;,
  0.074866;0.675675;-0.044574;,
  0.065441;0.671872;-0.033868;,
  0.083251;0.713993;-0.039161;,
  0.072772;0.708088;-0.029319;,
  0.087938;0.753262;-0.024229;,
  0.076869;0.745203;-0.014073;,
  0.040122;0.799741;0.022461;,
  0.052775;0.784192;-0.014884;,
  0.046129;0.774436;-0.000873;,
  0.045903;0.810966;0.019247;,
  0.055923;0.755353;-0.037529;,
  0.048881;0.747179;-0.025250;,
  0.060633;0.719183;-0.052342;,
  0.052999;0.712993;-0.040395;,
  0.061597;0.680955;-0.060250;,
  0.053841;0.676863;-0.047041;,
  0.057343;0.620644;-0.057758;,
  0.050123;0.619861;-0.044947;,
  0.050256;0.585818;-0.063080;,
  0.043928;0.587903;-0.049419;,
  0.043928;0.587903;-0.049419;,
  0.000005;0.586291;-0.068249;,
  -0.000001;0.588350;-0.053763;,
  0.050256;0.585818;-0.063080;,
  -0.000001;0.588350;-0.053763;,
  -0.050094;0.586353;-0.063106;,
  -0.043798;0.588409;-0.049440;,
  0.000005;0.586291;-0.068249;,
  -0.043798;0.588409;-0.049440;,
  -0.057230;0.620645;-0.057832;,
  -0.050037;0.619862;-0.045009;,
  -0.050094;0.586353;-0.063106;,
  -0.061583;0.680955;-0.060250;,
  -0.053841;0.676863;-0.047041;,
  -0.060619;0.719183;-0.052342;,
  -0.052999;0.712993;-0.040395;,
  -0.055909;0.755353;-0.037529;,
  -0.048881;0.747179;-0.025250;,
  -0.052761;0.784192;-0.014884;,
  -0.046129;0.774436;-0.000873;,
  -0.045890;0.810966;0.019247;,
  -0.040122;0.799741;0.022461;,
  -0.046712;0.823215;0.042863;,
  -0.040842;0.811318;0.039608;,
  -0.046488;0.823088;0.079943;,
  -0.040645;0.811198;0.070767;,
  -0.035962;0.806623;0.102142;,
  -0.031444;0.795636;0.089422;,
  -0.013484;0.755709;0.120397;,
  -0.011794;0.747515;0.104762;,
  -0.011794;0.747515;0.104762;,
  -0.000174;0.753660;0.121173;,
  -0.000158;0.745579;0.105414;,
  -0.013484;0.755709;0.120397;,
  0.015528;0.755519;0.120884;,
  0.013568;0.747336;0.105171;,
  0.013568;0.747336;0.105171;,
  0.036444;0.806432;0.102291;,
  0.031853;0.795456;0.089546;,
  0.015528;0.755519;0.120884;,
  0.046517;0.823089;0.079923;,
  0.040659;0.811199;0.070750;,
  0.046726;0.823215;0.042863;,
  0.040842;0.811318;0.039608;,
  0.079255;0.553862;0.058301;,
  0.049733;0.552699;0.092581;,
  0.043470;0.553202;0.077687;,
  0.096812;0.555078;0.066274;,
  0.000007;0.553153;0.096264;,
  -0.000000;0.553632;0.077510;,
  -0.049728;0.552709;0.092577;,
  -0.043478;0.553212;0.077683;,
  -0.079251;0.553868;0.051243;,
  -0.095824;0.554452;0.002955;,
  -0.075623;0.554860;0.009204;,
  -0.085163;0.553126;-0.037230;,
  -0.066368;0.553889;-0.024566;,
  -0.049738;0.550770;-0.061924;,
  -0.038764;0.554127;-0.045316;,
  0.000247;0.551070;-0.068134;,
  0.000188;0.554411;-0.050535;,
  0.000188;0.554411;-0.050535;,
  0.049804;0.550069;-0.058872;,
  0.038806;0.553464;-0.045086;,
  0.000247;0.551070;-0.068134;,
  0.084955;0.553218;-0.037414;,
  0.066197;0.553976;-0.024720;,
  0.095838;0.554452;0.002955;,
  0.075625;0.554860;0.009204;,
  -0.000000;0.590078;0.077652;,
  0.041138;0.587467;0.090207;,
  0.035956;0.589461;0.077901;,
  0.000007;0.588120;0.094403;,
  0.035956;0.589461;0.077901;,
  0.019706;0.614210;0.097041;,
  0.017451;0.614997;0.089057;,
  0.041138;0.587467;0.090207;,
  0.000020;0.650217;0.112816;,
  0.000002;0.651500;0.101095;,
  0.000002;0.651500;0.101095;,
  -0.019383;0.614165;0.097084;,
  -0.017230;0.614955;0.089094;,
  0.000020;0.650217;0.112816;,
  -0.041275;0.587457;0.090209;,
  -0.036088;0.589452;0.077902;,
  -0.036088;0.589452;0.077902;,
  -0.041275;0.587457;0.090209;,
  -0.073816;0.784616;0.007701;,
  -0.085664;0.774849;-0.013343;,
  -0.074893;0.765605;-0.004925;,
  -0.084432;0.794964;-0.001307;,
  -0.087925;0.753262;-0.024229;,
  -0.076869;0.745203;-0.014073;,
  -0.083237;0.713993;-0.039161;,
  -0.072772;0.708088;-0.029319;,
  -0.074855;0.675688;-0.044572;,
  -0.065444;0.671884;-0.033866;,
  -0.065832;0.620733;-0.051750;,
  -0.057556;0.619945;-0.039898;,
  -0.063617;0.586208;-0.053638;,
  -0.055620;0.588271;-0.041485;,
  -0.055620;0.588271;-0.041485;,
  -0.088535;0.589069;-0.022355;,
  -0.072451;0.590975;-0.015197;,
  -0.063617;0.586208;-0.053638;,
  -0.077926;0.591145;0.056859;,
  -0.050119;0.589545;0.077722;,
  -0.050119;0.589545;0.077722;,
  -0.033245;0.615535;0.095564;,
  -0.029355;0.616249;0.087817;,
  -0.057324;0.587555;0.089995;,
  -0.022966;0.650144;0.111831;,
  -0.020092;0.651430;0.100267;,
  -0.023485;0.682693;0.121676;,
  -0.020554;0.682598;0.108868;,
  -0.039849;0.722790;0.122116;,
  -0.034842;0.716403;0.106498;,
  -0.073223;0.792003;0.104986;,
  -0.064017;0.781818;0.091812;,
  -0.077541;0.809375;0.068632;,
  -0.067792;0.798237;0.061262;,
  -0.080000;0.814028;0.034801;,
  -0.069942;0.802635;0.032833;,
  0.073816;0.784616;0.007701;,
  0.046129;0.774436;-0.000873;,
  0.074893;0.765605;-0.004925;,
  0.040122;0.799741;0.022461;,
  0.076869;0.745203;-0.014073;,
  0.052999;0.712993;-0.040395;,
  0.072772;0.708088;-0.029319;,
  0.048881;0.747179;-0.025250;,
  0.040659;0.811199;0.070750;,
  0.064017;0.781818;0.091812;,
  0.038920;0.781542;0.099556;,
  0.067792;0.798237;0.061262;,
  0.050323;0.589535;0.077721;,
  0.079255;0.553862;0.058301;,
  0.043470;0.553202;0.077687;,
  0.072449;0.590977;-0.015200;,
  0.077930;0.591145;0.056848;,
  0.075625;0.554860;0.009204;,
  0.066197;0.553976;-0.024720;,
  0.055071;0.587944;-0.041991;,
  0.038806;0.553464;-0.045086;,
  -0.000000;0.590078;0.077652;,
  -0.000000;0.553632;0.077510;,
  0.035956;0.589461;0.077901;,
  0.020604;0.682681;0.108755;,
  0.000002;0.651500;0.101095;,
  0.000025;0.682131;0.109527;,
  0.020149;0.651449;0.100170;,
  0.057397;0.619941;-0.039835;,
  0.053841;0.676863;-0.047041;,
  0.050123;0.619861;-0.044947;,
  0.065441;0.671872;-0.033868;,
  0.040842;0.811318;0.039608;,
  0.034827;0.716404;0.106499;,
  -0.000158;0.745579;0.105414;,
  0.034827;0.716404;0.106499;,
  -0.000054;0.716834;0.108765;,
  0.013568;0.747336;0.105171;,
  0.069942;0.802635;0.032833;,
  -0.000001;0.588350;-0.053763;,
  0.000188;0.554411;-0.050535;,
  0.043928;0.587903;-0.049419;,
  0.031853;0.795456;0.089546;,
  -0.073816;0.784616;0.007701;,
  -0.046129;0.774436;-0.000873;,
  -0.040122;0.799741;0.022461;,
  -0.074893;0.765605;-0.004925;,
  -0.076869;0.745203;-0.014073;,
  -0.052999;0.712993;-0.040395;,
  -0.048881;0.747179;-0.025250;,
  -0.072772;0.708088;-0.029319;,
  -0.040645;0.811198;0.070767;,
  -0.064017;0.781818;0.091812;,
  -0.067792;0.798237;0.061262;,
  -0.038940;0.781534;0.099559;,
  -0.079251;0.553868;0.051243;,
  -0.077926;0.591145;0.056859;,
  -0.050119;0.589545;0.077722;,
  -0.072451;0.590975;-0.015197;,
  -0.075623;0.554860;0.009204;,
  -0.038764;0.554127;-0.045316;,
  -0.043798;0.588409;-0.049440;,
  -0.055620;0.588271;-0.041485;,
  -0.043478;0.553212;0.077683;,
  -0.036088;0.589452;0.077902;,
  -0.057556;0.619945;-0.039898;,
  -0.053841;0.676863;-0.047041;,
  -0.065444;0.671884;-0.033866;,
  -0.050037;0.619862;-0.045009;,
  -0.040842;0.811318;0.039608;,
  -0.034842;0.716403;0.106498;,
  -0.011794;0.747515;0.104762;,
  -0.066368;0.553889;-0.024566;,
  -0.069942;0.802635;0.032833;,
  -0.000001;0.588350;-0.053763;,
  0.000188;0.554411;-0.050535;,
  -0.055620;0.588271;-0.041485;,
  -0.043798;0.588409;-0.049440;,
  -0.036088;0.589452;0.077902;,
  -0.029355;0.616249;0.087817;,
  -0.017230;0.614955;0.089094;,
  -0.050119;0.589545;0.077722;,
  -0.031444;0.795636;0.089422;,
  0.055071;0.587944;-0.041991;,
  0.043928;0.587903;-0.049419;,
  -0.020554;0.682598;0.108868;,
  -0.034842;0.716403;0.106498;,
  -0.020092;0.651430;0.100267;,
  0.028867;0.616275;0.087814;,
  0.017451;0.614997;0.089057;,
  0.035956;0.589461;0.077901;,
  0.050323;0.589535;0.077721;,
  0.000000;0.854983;0.151820;,
  -0.016556;0.845831;0.174607;,
  -0.000000;0.845831;0.179986;,
  0.000000;0.854983;0.151820;,
  -0.026788;0.845831;0.160524;,
  0.000000;0.854983;0.151820;,
  -0.026788;0.845831;0.143116;,
  0.000000;0.854983;0.151820;,
  -0.016556;0.845831;0.129033;,
  0.000000;0.854983;0.151820;,
  0.000000;0.845831;0.123653;,
  0.000000;0.854983;0.151820;,
  0.016556;0.845831;0.129033;,
  0.000000;0.845831;0.123653;,
  0.000000;0.854983;0.151820;,
  0.026788;0.845831;0.143116;,
  0.000000;0.854983;0.151820;,
  0.026788;0.845831;0.160524;,
  0.000000;0.854983;0.151820;,
  0.016556;0.845831;0.174607;,
  0.000000;0.854983;0.151820;,
  -0.026788;0.821871;0.188690;,
  -0.000000;0.821871;0.197394;,
  -0.043344;0.821871;0.165903;,
  -0.043344;0.821871;0.137737;,
  -0.026788;0.821871;0.114950;,
  0.000000;0.821871;0.106246;,
  0.026788;0.821871;0.114950;,
  0.000000;0.821871;0.106246;,
  0.043344;0.821871;0.137737;,
  0.043344;0.821871;0.165903;,
  0.026788;0.821871;0.188690;,
  -0.026788;0.620673;0.188690;,
  -0.000000;0.620673;0.197394;,
  -0.043344;0.620673;0.165903;,
  -0.043344;0.620673;0.139399;,
  -0.026788;0.620673;0.114950;,
  0.000000;0.620673;0.106246;,
  0.026788;0.620673;0.114950;,
  0.000000;0.620673;0.106246;,
  0.043344;0.620673;0.137737;,
  0.043344;0.620673;0.165903;,
  0.026788;0.620673;0.188690;,
  -0.016556;0.596714;0.174607;,
  -0.000000;0.596714;0.179986;,
  -0.026788;0.596714;0.160524;,
  -0.026788;0.596714;0.143116;,
  -0.016556;0.596714;0.129033;,
  0.000000;0.596714;0.123653;,
  0.016556;0.596714;0.129033;,
  0.000000;0.596714;0.123653;,
  0.026788;0.596714;0.143116;,
  0.026788;0.596714;0.160524;,
  0.016556;0.596714;0.174607;,
  0.000000;0.587562;0.151820;,
  0.000000;0.587562;0.151820;,
  0.000000;0.587562;0.151820;,
  0.000000;0.587562;0.151820;,
  0.000000;0.587562;0.151820;,
  0.000000;0.587562;0.151820;,
  0.000000;0.587562;0.151820;,
  0.000000;0.587562;0.151820;,
  0.000000;0.587562;0.151820;,
  0.000000;0.587562;0.151820;,
  -0.004522;0.560292;0.142860;,
  -0.004522;0.560589;0.159665;,
  -0.009044;0.560589;0.151832;,
  0.009044;0.560589;0.151832;,
  0.004522;0.560589;0.159665;,
  0.004522;0.560589;0.143999;,
  0.009044;0.560589;0.151832;,
  0.004522;0.594079;0.159665;,
  0.004522;0.560589;0.159665;,
  0.009044;0.594079;0.151832;,
  -0.004522;0.594079;0.159665;,
  -0.004522;0.560589;0.159665;,
  -0.009044;0.594079;0.151832;,
  -0.009044;0.560589;0.151832;,
  -0.004522;0.594079;0.143999;,
  -0.004522;0.560292;0.142860;,
  0.004522;0.594079;0.143999;,
  0.004522;0.560589;0.143999;,
  0.009044;0.594079;0.151832;,
  0.009044;0.560589;0.151832;,
  0.009044;0.594079;0.151832;,
  -0.004522;0.594079;0.159665;,
  0.004522;0.594079;0.159665;,
  -0.004522;0.594079;0.143999;,
  -0.009044;0.594079;0.151832;,
  0.004522;0.594079;0.143999;,
  -0.000000;0.574422;0.158192;,
  0.028024;0.579930;0.154820;,
  -0.000000;0.579930;0.155012;,
  0.029112;0.574422;0.157808;,
  0.025849;0.579930;0.148844;,
  -0.000000;0.579930;0.148652;,
  0.024762;0.574422;0.145856;,
  -0.000000;0.574422;0.145473;,
  -0.000000;0.574422;0.145473;,
  0.025849;0.568914;0.148844;,
  -0.000000;0.568914;0.148652;,
  0.024762;0.574422;0.145856;,
  0.028024;0.568914;0.154820;,
  -0.000000;0.568914;0.155012;,
  -0.010962;0.581366;0.159023;,
  -0.000000;0.562379;0.159023;,
  -0.010962;0.568708;0.159023;,
  0.010962;0.581366;0.159023;,
  0.010962;0.568708;0.159023;,
  -0.000000;0.587696;0.159023;,
  0.010962;0.581366;0.159023;,
  0.010962;0.568708;0.165863;,
  0.010962;0.568708;0.159023;,
  0.010962;0.581366;0.165863;,
  -0.000000;0.562379;0.165863;,
  -0.000000;0.562379;0.159023;,
  -0.010962;0.568708;0.165863;,
  -0.010962;0.568708;0.159023;,
  -0.010962;0.581366;0.165863;,
  -0.010962;0.581366;0.159023;,
  -0.000000;0.587696;0.165863;,
  -0.000000;0.587696;0.159023;,
  -0.000000;0.587696;0.159023;,
  -0.000000;0.587696;0.165863;,
  0.010962;0.581366;0.165863;,
  -0.000000;0.562379;0.165863;,
  0.010962;0.568708;0.165863;,
  -0.010962;0.581366;0.165863;,
  -0.010962;0.568708;0.165863;,
  -0.000000;0.587696;0.165863;,
  0.029112;0.574422;0.157808;,
  0.047024;0.585585;0.133550;,
  0.028024;0.579930;0.154820;,
  0.047024;0.585585;0.133550;,
  0.029112;0.574422;0.157808;,
  0.050483;0.579986;0.133583;,
  0.028024;0.579930;0.154820;,
  0.040105;0.585934;0.131571;,
  0.025849;0.579930;0.148844;,
  0.040105;0.585934;0.131571;,
  0.028024;0.579930;0.154820;,
  0.047024;0.585585;0.133550;,
  0.025849;0.579930;0.148844;,
  0.036646;0.580684;0.129626;,
  0.024762;0.574422;0.145856;,
  0.036646;0.580684;0.129626;,
  0.025849;0.579930;0.148844;,
  0.040105;0.585934;0.131571;,
  0.024762;0.574422;0.145856;,
  0.040105;0.575086;0.129659;,
  0.025849;0.568914;0.148844;,
  0.040105;0.575086;0.129659;,
  0.024762;0.574422;0.145856;,
  0.036646;0.580684;0.129626;,
  0.025849;0.568914;0.148844;,
  0.047024;0.574737;0.131637;,
  0.028024;0.568914;0.154820;,
  0.047024;0.574737;0.131637;,
  0.025849;0.568914;0.148844;,
  0.040105;0.575086;0.129659;,
  0.028024;0.568914;0.154820;,
  0.050483;0.579986;0.133583;,
  0.029112;0.574422;0.157808;,
  0.050483;0.579986;0.133583;,
  0.028024;0.568914;0.154820;,
  0.047024;0.574737;0.131637;,
  0.050483;0.579986;0.133583;,
  0.044924;0.598811;0.118176;,
  0.047024;0.585585;0.133550;,
  0.044924;0.598811;0.118176;,
  0.050483;0.579986;0.133583;,
  0.047552;0.596651;0.112294;,
  0.047024;0.585585;0.133550;,
  0.038756;0.597706;0.119264;,
  0.040105;0.585934;0.131571;,
  0.038756;0.597706;0.119264;,
  0.047024;0.585585;0.133550;,
  0.044924;0.598811;0.118176;,
  0.040105;0.585934;0.131571;,
  0.035216;0.594442;0.114469;,
  0.036646;0.580684;0.129626;,
  0.035216;0.594442;0.114469;,
  0.040105;0.585934;0.131571;,
  0.038756;0.597706;0.119264;,
  0.036646;0.580684;0.129626;,
  0.037845;0.592282;0.108587;,
  0.040105;0.575086;0.129659;,
  0.037845;0.592282;0.108587;,
  0.036646;0.580684;0.129626;,
  0.035216;0.594442;0.114469;,
  0.040105;0.575086;0.129659;,
  0.044012;0.593387;0.107500;,
  0.047024;0.574737;0.131637;,
  0.044012;0.593387;0.107500;,
  0.040105;0.575086;0.129659;,
  0.037845;0.592282;0.108587;,
  0.047024;0.574737;0.131637;,
  0.047552;0.596651;0.112294;,
  0.050483;0.579986;0.133583;,
  0.047552;0.596651;0.112294;,
  0.047024;0.574737;0.131637;,
  0.044012;0.593387;0.107500;,
  0.047552;0.596651;0.112294;,
  0.039018;0.647213;0.119312;,
  0.044924;0.598811;0.118176;,
  0.039018;0.647213;0.119312;,
  0.047552;0.596651;0.112294;,
  0.041865;0.648274;0.113725;,
  0.044924;0.598811;0.118176;,
  0.032670;0.647113;0.119678;,
  0.038756;0.597706;0.119264;,
  0.032670;0.647113;0.119678;,
  0.044924;0.598811;0.118176;,
  0.039018;0.647213;0.119312;,
  0.038756;0.597706;0.119264;,
  0.029169;0.648074;0.114456;,
  0.035216;0.594442;0.114469;,
  0.029169;0.648074;0.114456;,
  0.038756;0.597706;0.119264;,
  0.032670;0.647113;0.119678;,
  0.035216;0.594442;0.114469;,
  0.032016;0.649134;0.108869;,
  0.037845;0.592282;0.108587;,
  0.032016;0.649134;0.108869;,
  0.035216;0.594442;0.114469;,
  0.029169;0.648074;0.114456;,
  0.037845;0.592282;0.108587;,
  0.038364;0.649234;0.108504;,
  0.044012;0.593387;0.107500;,
  0.038364;0.649234;0.108504;,
  0.037845;0.592282;0.108587;,
  0.032016;0.649134;0.108869;,
  0.044012;0.593387;0.107500;,
  0.041865;0.648274;0.113725;,
  0.047552;0.596651;0.112294;,
  0.041865;0.648274;0.113725;,
  0.044012;0.593387;0.107500;,
  0.038364;0.649234;0.108504;,
  0.041481;0.724184;0.133393;,
  0.041865;0.648274;0.113725;,
  0.044494;0.723642;0.127819;,
  0.041865;0.648274;0.113725;,
  0.041481;0.724184;0.133393;,
  0.039018;0.647213;0.119312;,
  0.039018;0.647213;0.119312;,
  0.035125;0.724187;0.133586;,
  0.032670;0.647113;0.119678;,
  0.035125;0.724187;0.133586;,
  0.039018;0.647213;0.119312;,
  0.041481;0.724184;0.133393;,
  0.035125;0.724187;0.133586;,
  0.029169;0.648074;0.114456;,
  0.032670;0.647113;0.119678;,
  0.029169;0.648074;0.114456;,
  0.035125;0.724187;0.133586;,
  0.031780;0.723647;0.128204;,
  0.034793;0.723105;0.122629;,
  0.029169;0.648074;0.114456;,
  0.031780;0.723647;0.128204;,
  0.029169;0.648074;0.114456;,
  0.034793;0.723105;0.122629;,
  0.032016;0.649134;0.108869;,
  0.032016;0.649134;0.108869;,
  0.041149;0.723103;0.122436;,
  0.038364;0.649234;0.108504;,
  0.041149;0.723103;0.122436;,
  0.032016;0.649134;0.108869;,
  0.034793;0.723105;0.122629;,
  0.041149;0.723103;0.122436;,
  0.041865;0.648274;0.113725;,
  0.038364;0.649234;0.108504;,
  0.041865;0.648274;0.113725;,
  0.041149;0.723103;0.122436;,
  0.044494;0.723642;0.127819;,
  0.064342;0.794818;0.117228;,
  0.041481;0.724184;0.133393;,
  0.044494;0.723642;0.127819;,
  0.041481;0.724184;0.133393;,
  0.064342;0.794818;0.117228;,
  0.060367;0.797770;0.121220;,
  0.041481;0.724184;0.133393;,
  0.054130;0.797889;0.119987;,
  0.035125;0.724187;0.133586;,
  0.054130;0.797889;0.119987;,
  0.041481;0.724184;0.133393;,
  0.060367;0.797770;0.121220;,
  0.035125;0.724187;0.133586;,
  0.051866;0.795056;0.114763;,
  0.031780;0.723647;0.128204;,
  0.051866;0.795056;0.114763;,
  0.035125;0.724187;0.133586;,
  0.054130;0.797889;0.119987;,
  0.051866;0.795056;0.114763;,
  0.034793;0.723105;0.122629;,
  0.031780;0.723647;0.128204;,
  0.034793;0.723105;0.122629;,
  0.051866;0.795056;0.114763;,
  0.055841;0.792104;0.110771;,
  0.034793;0.723105;0.122629;,
  0.062078;0.791984;0.112004;,
  0.041149;0.723103;0.122436;,
  0.062078;0.791984;0.112004;,
  0.034793;0.723105;0.122629;,
  0.055841;0.792104;0.110771;,
  0.041149;0.723103;0.122436;,
  0.064342;0.794818;0.117228;,
  0.044494;0.723642;0.127819;,
  0.064342;0.794818;0.117228;,
  0.041149;0.723103;0.122436;,
  0.062078;0.791984;0.112004;,
  0.067157;0.821103;0.075078;,
  0.060367;0.797770;0.121220;,
  0.064342;0.794818;0.117228;,
  0.060367;0.797770;0.121220;,
  0.067157;0.821103;0.075078;,
  0.062839;0.825714;0.075809;,
  0.060367;0.797770;0.121220;,
  0.056638;0.824301;0.075759;,
  0.054130;0.797889;0.119987;,
  0.056638;0.824301;0.075759;,
  0.060367;0.797770;0.121220;,
  0.062839;0.825714;0.075809;,
  0.054130;0.797889;0.119987;,
  0.054757;0.818277;0.074976;,
  0.051866;0.795056;0.114763;,
  0.054757;0.818277;0.074976;,
  0.054130;0.797889;0.119987;,
  0.056638;0.824301;0.075759;,
  0.054757;0.818277;0.074976;,
  0.055841;0.792104;0.110771;,
  0.051866;0.795056;0.114763;,
  0.055841;0.792104;0.110771;,
  0.054757;0.818277;0.074976;,
  0.059075;0.813666;0.074245;,
  0.055841;0.792104;0.110771;,
  0.065275;0.815079;0.074295;,
  0.062078;0.791984;0.112004;,
  0.065275;0.815079;0.074295;,
  0.055841;0.792104;0.110771;,
  0.059075;0.813666;0.074245;,
  0.062078;0.791984;0.112004;,
  0.067157;0.821103;0.075078;,
  0.064342;0.794818;0.117228;,
  0.067157;0.821103;0.075078;,
  0.062078;0.791984;0.112004;,
  0.065275;0.815079;0.074295;,
  0.067157;0.821103;0.075078;,
  0.067487;0.828999;0.038187;,
  0.062839;0.825714;0.075809;,
  0.067487;0.828999;0.038187;,
  0.067157;0.821103;0.075078;,
  0.070623;0.823468;0.038307;,
  0.062839;0.825714;0.075809;,
  0.061130;0.829047;0.038023;,
  0.056638;0.824301;0.075759;,
  0.061130;0.829047;0.038023;,
  0.062839;0.825714;0.075809;,
  0.067487;0.828999;0.038187;,
  0.056638;0.824301;0.075759;,
  0.057908;0.823564;0.037979;,
  0.054757;0.818277;0.074976;,
  0.057908;0.823564;0.037979;,
  0.056638;0.824301;0.075759;,
  0.061130;0.829047;0.038023;,
  0.054757;0.818277;0.074976;,
  0.061044;0.818033;0.038099;,
  0.059075;0.813666;0.074245;,
  0.061044;0.818033;0.038099;,
  0.054757;0.818277;0.074976;,
  0.057908;0.823564;0.037979;,
  0.059075;0.813666;0.074245;,
  0.067401;0.817985;0.038263;,
  0.065275;0.815079;0.074295;,
  0.067401;0.817985;0.038263;,
  0.059075;0.813666;0.074245;,
  0.061044;0.818033;0.038099;,
  0.065275;0.815079;0.074295;,
  0.070623;0.823468;0.038307;,
  0.067157;0.821103;0.075078;,
  0.070623;0.823468;0.038307;,
  0.065275;0.815079;0.074295;,
  0.067401;0.817985;0.038263;,
  0.062532;0.818504;0.001709;,
  0.067487;0.828999;0.038187;,
  0.070623;0.823468;0.038307;,
  0.067487;0.828999;0.038187;,
  0.062532;0.818504;0.001709;,
  0.058907;0.823728;0.001792;,
  0.067487;0.828999;0.038187;,
  0.052917;0.823409;0.003904;,
  0.061130;0.829047;0.038023;,
  0.052917;0.823409;0.003904;,
  0.067487;0.828999;0.038187;,
  0.058907;0.823728;0.001792;,
  0.061130;0.829047;0.038023;,
  0.050552;0.817865;0.005933;,
  0.057908;0.823564;0.037979;,
  0.050552;0.817865;0.005933;,
  0.061130;0.829047;0.038023;,
  0.052917;0.823409;0.003904;,
  0.050552;0.817865;0.005933;,
  0.061044;0.818033;0.038099;,
  0.057908;0.823564;0.037979;,
  0.061044;0.818033;0.038099;,
  0.050552;0.817865;0.005933;,
  0.054177;0.812640;0.005850;,
  0.061044;0.818033;0.038099;,
  0.060168;0.812960;0.003738;,
  0.067401;0.817985;0.038263;,
  0.060168;0.812960;0.003738;,
  0.061044;0.818033;0.038099;,
  0.054177;0.812640;0.005850;,
  0.067401;0.817985;0.038263;,
  0.062532;0.818504;0.001709;,
  0.070623;0.823468;0.038307;,
  0.062532;0.818504;0.001709;,
  0.067401;0.817985;0.038263;,
  0.060168;0.812960;0.003738;,
  0.042524;0.807757;-0.032026;,
  0.062532;0.818504;0.001709;,
  0.043389;0.801493;-0.032712;,
  0.062532;0.818504;0.001709;,
  0.042524;0.807757;-0.032026;,
  0.058907;0.823728;0.001792;,
  0.058907;0.823728;0.001792;,
  0.037733;0.809932;-0.028454;,
  0.052917;0.823409;0.003904;,
  0.037733;0.809932;-0.028454;,
  0.058907;0.823728;0.001792;,
  0.042524;0.807757;-0.032026;,
  0.052917;0.823409;0.003904;,
  0.033808;0.805845;-0.025568;,
  0.050552;0.817865;0.005933;,
  0.033808;0.805845;-0.025568;,
  0.052917;0.823409;0.003904;,
  0.037733;0.809932;-0.028454;,
  0.034672;0.799582;-0.026254;,
  0.050552;0.817865;0.005933;,
  0.033808;0.805845;-0.025568;,
  0.050552;0.817865;0.005933;,
  0.034672;0.799582;-0.026254;,
  0.054177;0.812640;0.005850;,
  0.054177;0.812640;0.005850;,
  0.039463;0.797406;-0.029826;,
  0.060168;0.812960;0.003738;,
  0.039463;0.797406;-0.029826;,
  0.054177;0.812640;0.005850;,
  0.034672;0.799582;-0.026254;,
  0.060168;0.812960;0.003738;,
  0.043389;0.801493;-0.032712;,
  0.062532;0.818504;0.001709;,
  0.043389;0.801493;-0.032712;,
  0.060168;0.812960;0.003738;,
  0.039463;0.797406;-0.029826;,
  0.017440;0.813164;-0.062235;,
  0.043389;0.801493;-0.032712;,
  0.016261;0.806919;-0.062492;,
  0.043389;0.801493;-0.032712;,
  0.017440;0.813164;-0.062235;,
  0.042524;0.807757;-0.032026;,
  0.042524;0.807757;-0.032026;,
  0.017265;0.816205;-0.056653;,
  0.037733;0.809932;-0.028454;,
  0.017265;0.816205;-0.056653;,
  0.042524;0.807757;-0.032026;,
  0.017440;0.813164;-0.062235;,
  0.037733;0.809932;-0.028454;,
  0.015912;0.813003;-0.051328;,
  0.033808;0.805845;-0.025568;,
  0.015912;0.813003;-0.051328;,
  0.037733;0.809932;-0.028454;,
  0.017265;0.816205;-0.056653;,
  0.014734;0.806759;-0.051585;,
  0.033808;0.805845;-0.025568;,
  0.015912;0.813003;-0.051328;,
  0.033808;0.805845;-0.025568;,
  0.014734;0.806759;-0.051585;,
  0.034672;0.799582;-0.026254;,
  0.034672;0.799582;-0.026254;,
  0.014909;0.803717;-0.057167;,
  0.039463;0.797406;-0.029826;,
  0.014909;0.803717;-0.057167;,
  0.034672;0.799582;-0.026254;,
  0.014734;0.806759;-0.051585;,
  0.039463;0.797406;-0.029826;,
  0.016261;0.806919;-0.062492;,
  0.043389;0.801493;-0.032712;,
  0.016261;0.806919;-0.062492;,
  0.039463;0.797406;-0.029826;,
  0.014909;0.803717;-0.057167;,
  -0.000000;0.809516;-0.073505;,
  -0.008951;0.818902;-0.074641;,
  -0.000000;0.822762;-0.076308;,
  -0.012994;0.807146;-0.070200;,
  -0.007438;0.799251;-0.067426;,
  -0.000000;0.797619;-0.066722;,
  0.007438;0.799251;-0.067426;,
  0.012994;0.807146;-0.070200;,
  0.008951;0.818902;-0.074641;,
  -0.043138;0.892023;-0.051458;,
  -0.000000;0.864246;-0.071378;,
  -0.028052;0.855277;-0.067644;,
  -0.000000;0.907824;-0.057204;,
  -0.057768;0.848168;-0.021490;,
  -0.040721;0.825188;-0.049237;,
  -0.034382;0.816999;-0.015286;,
  -0.023309;0.803331;-0.039426;,
  0.000000;0.807499;-0.008141;,
  0.000000;0.799540;-0.037847;,
  0.023309;0.803331;-0.039426;,
  0.034382;0.816999;-0.015286;,
  0.040721;0.825188;-0.049237;,
  0.057768;0.848169;-0.021490;,
  0.028052;0.855277;-0.067644;,
  0.043138;0.892023;-0.051458;,
  -0.029823;0.942362;-0.032957;,
  -0.000000;0.948812;-0.038344;,
  -0.051655;0.919156;-0.018778;,
  -0.059646;0.886468;0.002378;,
  -0.058632;0.858835;0.012959;,
  -0.045218;0.833158;0.011967;,
  -0.020936;0.816509;0.001169;,
  0.023473;0.816791;0.001391;,
  0.045218;0.833158;0.011967;,
  0.058632;0.858835;0.012959;,
  0.059646;0.886468;0.002378;,
  0.051655;0.919156;-0.018778;,
  0.029823;0.942362;-0.032957;,
  -0.000000;0.953542;-0.028378;,
  -0.029823;0.945668;-0.021260;,
  0.000000;0.890805;0.010323;,
  -0.048289;0.924953;-0.007293;,
  -0.053626;0.890373;0.010417;,
  -0.052714;0.862080;0.021006;,
  -0.045218;0.836057;0.019364;,
  -0.019149;0.818444;0.007617;,
  0.000000;0.810291;-0.001011;,
  0.023018;0.818516;0.007687;,
  0.045218;0.836057;0.019364;,
  0.052714;0.862080;0.021006;,
  0.053626;0.890373;0.010417;,
  0.048289;0.924953;-0.007293;,
